155
155
169
137
163
134
143
146
149
144
151
146
152
161
150
131
154
150
156
154
148
149
143
152
151
157
145
152
148
156
142
153
161
149
134
152
127
161
139
139
141
161
153
145
158
159
168
143
151
157
138
161
158
146
166
164
152
139
152
149
144
145
158
144
154
137
167
151
156
146
126
141
150
149
138
161
159
144
159
143
145
180
151
161
153
151
142
165
141
159
146
142
154
140
157
151
159
168
142
144
155
146
137
141
159
158
158
179
153
160
167
142
158
139
143
150
144
143
143
153
150
153
141
146
162
141
139
140
160
142
158
161
155
158
157
149
145
162
162
161
137
166
153
161
147
145
143
173
143
157
161
156
164
141
160
158
156
158
158
135
160
143
143
146
131
153
154
158
161
158
148
144
159
159
171
148
130
158
142
164
151
159
141
152
161
153
140
155
142
125
137
147
161
154
155
150
166
157
152
155
162
139
157
150
146
157
163
138
164
152
144
153
174
145
163
144
154
143
142
155
158
159
139
152
139
145
154
148
142
140
159
153
158
169
164
153
161
159
149
159
156
136
151
134
139
166
158
160
141
142
142
147
143
155
157
157
158
143
162
159
138
167
142
151
143
146
161
147
157
136
140
141
159
156
149
139
179
156
157
165
149
156
146
154
149
130
164
136
151
158
157
154
144
132
153
152
142
150
138
143
171
150
136
151
156
153
173
156
163
162
164
158
149
162
153
136
168
152
168
160
145
168
164
154
160
150
146
175
160
163
150
141
158
148
154
160
146
163
139
142
160
132
138
156
155
158
156
135
152
154
155
138
154
152
166
146
148
143
140
141
140
164
148
146
153
136
159
160
165
147
149
164
152
154
157
150
147
141
149
152
145